   3   0   0 270   0
  16   0   0   3
   0   0   0   0
   0   0   0   0
   2 233 587 270
   0   0   0   0
 232 258 259
   1   2   3   4   5   6   7   8   9  10  11  12  13  14  15  16  17  18  19  20
  21  22  23  24  25  26  27  28  29  30  31  32  33  34  35  36  37  38  39  40
  41  42  43  44  45  46  47  48  49  50  51  52  53  54  55  56  57  58  59  60
  61  62  63  64  65  66  67  68  69  70  71  72  73 261 262 263 264 265 266 267
 268 269 270 271 272 273  74  75  76  77  78  79  80  81  82  83  84  85  86  87
  88  89  90  91  92  93  94  95  96  97  98  99 100 101 102 103 104 105 106 107
 108 109 110 111 112 113 114 115 116 117 118 119 120 121 122 123 124 125 126 127
 128 129 130 131 132 133 134 135 136 137 138 139 140 141 142 143 144 145 146 147
 148 149 150 151 152 153 154 155 156 157 158 159 160 161 162 163 164 165 166 167
 168 169 170 171 172 173 174 175 176 177 178 179 180 181 182 183 184 185 186 187
 188 189 190 191 192 193 194 195 196 197 198 199 200 201 202 203 204 205 206 207
 208 209 210 211 212 213 214 215 216 217 218 219 220 221 222 223 224 225 226 227
 228 229 230 231 233 234 235 236 237 238 239 240 241 242 243 244 245 246 247 248
 249 250 251 252 253 254 255 256 257 260
   137.112200000000        133.141340000000        103.135200000000     
   104.142600000000        28.0104000000000        12.0110000000000     
   12.0110000000000        204.342600000000        253.348200000000     
   78.1104000000000        159.114800000000        159.114800000000     
   160.122200000000        126.108600000000        98.0982000000000     
   84.0724000000000        98.0982000000000        98.0982000000000     
   112.124000000000        72.1438000000000        56.1032000000000     
   79.9040000000000        115.356700000000        95.9034000000000     
   141.908940000000        99.7168500000000        106.120800000000     
   123.127600000000        124.135000000000        26.0368000000000     
   28.0516000000000        61.0578000000000        46.0658000000000     
   62.0652000000000        30.0664000000000        42.0774000000000     
   75.0836000000000        76.0910000000000        44.0922000000000     
   109.101800000000        110.109200000000        153.821800000000     
   165.364506400000        148.910209600000        137.367503200000     
   187.375309600000        170.921012800000        154.466716000000     
   120.913206400000        173.833800000000        30.0252000000000     
   94.9372000000000        133.402300000000        44.0510000000000     
   50.4859000000000        41.0509400000000        75.0424000000000     
   58.0768000000000        72.0614000000000        60.0504000000000     
   76.0498000000000        47.0320000000000        32.0400000000000     
   48.0394000000000        16.0406000000000        252.730400000000     
   35.4527000000000        70.9054000000000        102.904200000000     
   51.4521000000000        97.4576400000000        100.916850000000     
   28.0104000000000        44.0098000000000        66.0072064000000     
   82.4615032000000        108.135600000000        129.089600000000     
   62.1324000000000        135.064039000000        135.064039000000     
   135.064039000000        28.0104000000000        105.108800000000     
   61.0578000000000        77.0572000000000        78.0646000000000     
   18.9984032000000        60.0504000000000        58.0356000000000     
   1.00740000000000        2.01480000000000        259.823612800000     
   34.0136000000000        98.0784000000000        80.9114000000000     
   116.948003200000        100.493706400000        86.4679064000000     
   36.4601000000000        27.0251400000000        46.0246000000000     
   20.0058032000000        63.0123400000000        33.0062000000000     
   79.0117400000000        96.9108000000000        63.0314000000000     
   52.4595000000000        135.114940000000        116.112400000000     
   74.0762000000000        100.113000000000        118.127200000000     
   68.1142000000000        117.119800000000        117.119800000000     
   147.125940000000        147.125940000000        162.117940000000     
   163.125340000000        117.119800000000        118.127200000000     
   184.350200000000        233.355800000000        70.0878000000000     
   119.093400000000        120.100800000000        115.063800000000     
   101.079200000000        117.078600000000        72.1026000000000     
   103.094000000000        104.101400000000        147.084740000000     
   136.228400000000        185.234000000000        70.0878000000000     
   14.0067400000000        44.0128800000000        108.010480000000     
   147.125940000000        145.111140000000        58.4424680000000     
   58.4424680000000        58.4424680000000        17.0289400000000     
   18.0363400000000        28.0104000000000        28.0104000000000     
   30.0061400000000        46.0055400000000        62.0049400000000     
   119.074340000000        230.232140000000        231.239540000000     
   1.00740000000000        1.00740000000000        1.00740000000000     
   1.00740000000000        15.9994000000000        15.9994000000000     
   47.9982000000000        47.9982000000000        67.4515000000000     
   60.0764000000000        17.0068000000000        133.100140000000     
   121.047940000000        183.117740000000        93.1024000000000     
   175.114200000000        94.1098000000000        176.121600000000     
   91.0830000000000        12.0110000000000        12.0110000000000     
   92.0904000000000        89.0682000000000        90.0756000000000     
   32.0660000000000        146.056419200000        48.0654000000000     
   64.0648000000000        80.0642000000000        115.107340000000     
   115.107340000000        115.107340000000        250.445000000000     
   250.445000000000        250.445000000000        250.445000000000     
   250.445000000000        250.445000000000        250.445000000000     
   250.445000000000        250.445000000000        250.445000000000     
   250.445000000000        250.445000000000        250.445000000000     
   250.445000000000        250.445000000000        28.0104000000000     
   310.582400000000        140.134400000000        199.218600000000     
   200.226000000000        215.240140000000        185.234000000000     
   186.241400000000        168.227200000000        154.201400000000     
   173.140600000000        174.148000000000        92.1362000000000     
   173.140600000000        133.141340000000        141.908940000000     
   97.4576400000000        63.0123400000000        79.0117400000000     
   135.114940000000        147.125940000000        147.125940000000     
   162.117940000000        163.125340000000        147.084740000000     
   14.0067400000000        147.125940000000        145.111140000000     
   14.0067400000000        30.0061400000000        46.0055400000000     
   108.010480000000        108.010480000000        62.0049400000000     
   108.010480000000        119.074340000000        230.232140000000     
   231.239540000000        15.9994000000000        15.9994000000000     
   149.118600000000        47.9982000000000        133.100140000000     
   150.126000000000        121.047940000000        183.117740000000     
   215.240140000000        106.162000000000        187.166400000000     
   188.173800000000        187.166400000000        122.161400000000     
   203.165800000000        204.173200000000        14.0067400000000     
   14.0067400000000        18.0142000000000        28.0104000000000     
   28.0104000000000        28.0104000000000        28.0104000000000     
   28.0104000000000        28.0104000000000        28.0104000000000     
   28.0104000000000        28.0104000000000        28.0104000000000     
   28.0104000000000        28.0104000000000        28.0104000000000     
ACBZO2          ALKNIT          ALKO2           ALKOOH          AOA_NH          bc_a1           bc_a4           BCARY           BCARYO2VBS      BENZENE         
BENZO2          BENZO2VBS       BENZOOH         BEPOMUC         BIGALD          BIGALD1         BIGALD2         BIGALD3         BIGALD4         BIGALK          
BIGENE          BR              BRCL            BRO             BRONO2          BRY             BZALD           BZOO            BZOOH           C2H2            
C2H4            C2H5O2          C2H5OH          C2H5OOH         C2H6            C3H6            C3H7O2          C3H7OOH         C3H8            C6H5O2          
C6H5OOH         CCL4            CF2CLBR         CF3BR           CFC11           CFC113          CFC114          CFC115          CFC12           CH2BR2          
CH2O            CH3BR           CH3CCL3         CH3CHO          CH3CL           CH3CN           CH3CO3          CH3COCH3        CH3COCHO        CH3COOH         
CH3COOOH        CH3O2           CH3OH           CH3OOH          CH4             CHBR3           CL              CL2             CL2O2           CLO             
CLONO2          CLY             CO              CO2             COF2            COFCL           CRESOL          DICARBO2        DMS             dst_a1          
dst_a2          dst_a3          E90             ENEO2           EO              EO2             EOOH            F               GLYALD          GLYOXAL         
H               H2              H2402           H2O2            H2SO4           HBR             HCFC141B        HCFC142B        HCFC22          HCL             
HCN             HCOOH           HF              HNO3            HO2             HO2NO2          HOBR            HOCH2OO         HOCL            HONITR          
HPALD           HYAC            HYDRALD         IEPOX           ISOP            ISOPAO2         ISOPBO2         ISOPNITA        ISOPNITB        ISOPNO3         
ISOPNOOH        ISOPO2VBS       ISOPOOH         IVOC            IVOCO2VBS       MACR            MACRO2          MACROOH         MALO2           MCO3            
MDIALO2         MEK             MEKO2           MEKOOH          MPAN            MTERP           MTERPO2VBS      MVK             N               N2O             
N2O5            NC4CH2OH        NC4CHO          ncl_a1          ncl_a2          ncl_a3          NH3             NH4             NH_5            NH_50           
NO              NO2             NO3             NOA             NTERPO2         NTERPOOH        num_a1          num_a2          num_a3          num_a4          
O               O1D             O3              O3S             OCLO            OCS             OH              ONITR           PAN             PBZNIT          
PHENO           PHENO2          PHENOL          PHENOOH         PO2             pom_a1          pom_a4          POOH            RO2             ROOH            
S               SF6             SO              SO2             SO3             so4_a1          so4_a2          so4_a3          soa1_a1         soa1_a2         
soa2_a1         soa2_a2         soa3_a1         soa3_a2         soa4_a1         soa4_a2         soa5_a1         soa5_a2         SOAG0           SOAG1           
SOAG2           SOAG3           SOAG4           ST80_25         SVOC            TEPOMUC         TERP2O2         TERP2OOH        TERPNIT         TERPO2          
TERPOOH         TERPROD1        TERPROD2        TOLO2           TOLOOH          TOLUENE         TOLUO2VBS       XALKNIT         XBRONO2         XCLONO2         
XHNO3           XHO2NO2         XHONITR         XISOPNITA       XISOPNITB       XISOPNO3        XISOPNOOH       XMPAN           XN              XNC4CH2OH       
XNC4CHO         XNDEP           XNO             XNO2            XNO2NO3         XNO2XNO3        XNO3            XNO3NO2         XNOA            XNTERPO2        
XNTERPOOH       XO              XO1D            XO2             XO3             XONITR          XOOH            XPAN            XPBZNIT         XTERPNIT        
XYLENES         XYLENO2         XYLENOOH        XYLEO2VBS       XYLOL           XYLOLO2         XYLOLOOH        NHDEP           NDEP            H2O             
CO01            CO02            CO03            CO04            CO05            CO06            CO07            CO08            CO09            CO10            
CO11            CO12            CO13            
 192 190 222 189   1   2   3 225  55  88 179  56 153  89 152 157 125 180 137 105
 161 252 102 264 174   4 103 175 132 123 169 213 112 136 124 229 209 151  69 197
 114  70  83  84  78  85  79  86  80 166 261 181  71 233 143  66 251 223 244 191
 182 256 201 155 253 158 262  87  65 260 212   5 239   6   7   8   9  10  11  12
  13  14  15  16  17  18 207 121 129  92 203 144  19  20  21  22 194 119 205  73
 220 234 227 254 245  74 183  75 208 128 120 133 268 100 224 126 255 258 154 198
 173 206 238 101 237 139  76 214 246 247 184 168 242 149  57 193  59  58 243 248
 130 200 250 219 163 196 131 177 228  60 249 178 111 122 147 232  23  24  25  67
  26  27  28 257 267 259 210 230 148  29  30  31  32 269 265 266  33 134 142 263
 104 170  77 176 171  90 135 204  34  35 172 236 150 167  36 240 211 113  37  38
  39  40  41  42  43  44  45  46  47  48  49  50  51  52  53  54  61  62  93 235
 187 186 221 159 226 231 199 188  91  63  72 115 160 215  94 138 116 117 145  95
  96  81  97 140 216 217 106 127 218  82 107 162 118 165 146 241 164 108  98  99
  68 141 109 202 195  64 110 185 156 270
   1   2   3   4   5   6   7   8   9  10  11  12  13  14  15  16  17  18  19  20
  21  22  23  24  25  26  27  28  29  30  31  32  33  34  35  36  37  38  39  40
  41  42  43  44  45  46  47  48  49  50  51  52  53  54  60  66  72  78  80  86
  87  93  99 105 106 109 112 115 117 121 125 129 131 134 139 142 145 148 153 158
 163 165 168 174 180 186 192 195 202 206 212 219 224 228 231 234 237 240 243 246
 251 256 259 262 265 268 273 275 280 289 294 298 303 307 311 315 320 324 328 332
 338 342 348 354 360 363 366 372 378 383 388 394 400 407 412 417 422 428 431 435
 438 441 449 457 469 472 474 480 486 492 498 504 510 516 522 528 534 538 545 552
 556 568 571 577 580 583 592 598 608 616 625 633 641 650 660 670 675 687 698 707
 713 722 730 737 747 756 762 775 786 797 807 814 823 831 846 858 869 879 891 904
 912 922 935 946 959 970 977 982 99110031010101910321048106710791093110411081121
11381157116711741199122412341260129113151329134313581369138714051416142814431456
14791503152215381551158016191648167216991739175717741791180918691972209221592192
2222226924712501254626142668269827382767
